dia -- pronostico -- desv.estandar
 1      980912.26    516790.60
 2     2483439.97    453693.65
 3     2077286.21    330220.41
 4     1805176.69    249835.70
 5     1639211.77    324987.85
 6     1854782.35    145754.15
 7     1337052.51    183469.64
 8      832288.25    648389.92
 9     2117999.04    639521.08
10     2072009.30    176852.26
11     1970989.93    164986.02
12     1584334.45    631620.17
13     1880244.13    162090.09
14     1289098.96    255328.82
15      835619.93    214840.28
16     1862224.75    569716.78
17     1711374.87    822332.37
18     1870129.75    426594.86
19     1714011.45    163114.93
20     1705660.24    597763.80
21     1377513.98    192742.70
22      875119.80    317803.25
23     2384845.90    170371.87
24     2039364.74    717013.97
25     2195129.16    282462.85
26     1934944.63    316583.10
27     2076524.56    365508.50
28     1439912.03    432739.31
29     1127772.18    466025.79
30     2407342.39    555703.09
